OPTIMAL SOLUTION COST = 33523.7
 1 8 38 31 44 18 7 28 6 37 19 27 17 43 30 36 46 33 20 47 21 32 39 48 5 42 24 10 45 35 4 26 2 29 34 41 16 22 3 23 14 25 13 11 12 15 40 9
------------------------------------------------------
solution_cost = 157530.2
 1 2 3 4 5 6 7 8 9 10 11 12 13 14 15 16 17 18 19 20 21 22 23 24 25 26 27 28 29 30 31 32 33 34 35 36 37 38 39 40 41 42 43 44 45 46 47 48
------------------------------------------------------
10000 50295.4
20000 57512.1
30000 43118.3
40000 43517.8
50000 39247.3
60000 37415.6
70000 37211.1
80000 36973.6
90000 37856.6
100000 37139.2
110000 36998.7
120000 36766.2
130000 36390.6
140000 36390.6
150000 36390.6
160000 36390.6
170000 36390.6
180000 36390.6
190000 36390.6
200000 36390.6
210000 36390.6
220000 36390.6
230000 36390.6
240000 36390.6
250000 36390.6
260000 36390.6
270000 36390.6
280000 36390.6
290000 36390.6
300000 36390.6
310000 36390.6
320000 36390.6
330000 36390.6
340000 36390.6
350000 36390.6
360000 36390.6
370000 36390.6
380000 36390.6
390000 36390.6
400000 36390.6
410000 36390.6
420000 36390.6
430000 36390.6
440000 36390.6
450000 36390.6
460000 36390.6
470000 36390.6
480000 36390.6
490000 36390.6
500000 36390.6
510000 49586.6
520000 44873.9
530000 45209.4
540000 41832.2
550000 40964.3
560000 40189.6
570000 41027.0
580000 40938.6
590000 39768.5
600000 39969.8
610000 39234.7
620000 39307.6
630000 39199.4
640000 39356.4
650000 39147.9
660000 39154.2
670000 38913.8
680000 38913.8
690000 38913.8
700000 38942.4
710000 38913.8
720000 38913.8
730000 38913.8
740000 38913.8
750000 38913.8
760000 38913.8
770000 38913.8
780000 38913.8
790000 38913.8
800000 38913.8
810000 38913.8
820000 38913.8
830000 38913.8
840000 38913.8
850000 38913.8
860000 38913.8
870000 38913.8
880000 38913.8
890000 38913.8
900000 38913.8
910000 38913.8
920000 38913.8
930000 38913.8
940000 38913.8
950000 38913.8
960000 38913.8
970000 38913.8
980000 38913.8
990000 38913.8
1000000 38913.8
1010000 53920.5
1020000 47199.9
1030000 47282.3
1040000 43867.9
1050000 42991.8
1060000 43167.3
1070000 40613.1
1080000 37854.5
1090000 37364.4
1100000 37080.4
1110000 37579.7
1120000 37273.0
1130000 36990.8
1140000 37180.2
1150000 36666.2
1160000 36738.9
1170000 36673.4
1180000 36727.1
1190000 36666.2
1200000 36627.7
1210000 36627.7
1220000 36627.7
1230000 36627.7
1240000 36627.7
1250000 36627.7
1260000 36627.7
1270000 36627.7
1280000 36627.7
1290000 36627.7
1300000 36627.7
1310000 36627.7
1320000 36627.7
1330000 36627.7
1340000 36627.7
1350000 36627.7
1360000 36627.7
1370000 36627.7
1380000 36627.7
1390000 36627.7
1400000 36627.7
1410000 36627.7
1420000 36627.7
1430000 36627.7
1440000 36627.7
1450000 36627.7
1460000 36627.7
1470000 36627.7
1480000 36627.7
1490000 36627.7
1500000 36627.7
repeated annealing 1500000 iterations, cost = 36390.6
 48 5 2 29 34 41 16 22 40 46 36 28 6 37 19 27 17 43 30 7 18 44 31 38 9 8 1 3 23 14 25 13 11 12 15 33 20 47 21 39 32 24 26 4 35 45 10 42
------------------------------------------------------
